0.00266759
0.213104
0.297738
0.355016
0.400879
0.440245
0.475533
0.507955
0.538247
0.56682
0.594511
0.621217
0.647131
0.672334
0.697099
0.721578
0.746099
0.770363
0.794272
0.818378
0.842554
0.86658
0.890821
0.9152
0.939794
0.964551
0.989644
1.01476
1.04013
1.06562
1.09137
1.11741
1.14382
1.1704
1.19742
1.22468
1.25235
1.28014
1.30811
1.33621
1.36472
1.39328
1.4222
1.45129
1.48051
1.51
1.53963
1.56938
1.59941
1.62993
1.66059
1.69139
1.72251
1.7538
1.78544
1.81709
1.8492
1.88166
1.91424
1.94737
1.9805
2.01405
2.04801
2.0824
2.11676
2.1517
2.18718
2.22302
2.25901
2.29545
2.33247
2.36961
2.40721
2.44546
2.48369
2.52252
2.56189
2.60168
2.64192
2.68262
2.72395
2.76573
2.8078
2.8501
2.89313
2.93657
2.98061
3.02504
3.06997
3.11574
3.16187
3.20844
3.25536
3.30236
3.35021
3.39857
3.44732
3.49635
3.54612
3.5962
3.6469
3.69814
3.75006
3.80259
3.85529
3.90856
3.96213
4.01627
4.07075
4.12558
4.18064
4.23668
4.29343
4.35051
4.40835
4.46731
4.52582
4.58487
4.64473
4.70545
4.76654
4.82833
4.89072
4.95329
5.01699
5.08127
5.14597
5.21059
5.27619
5.34328
5.41039
5.47808
5.5467
5.61491
5.68456
5.75508
5.82598
5.89757
5.96951
6.04281
6.11663
6.19076
6.26541
6.34139
6.41825
6.49557
6.57322
6.65215
6.73174
6.81239
6.89355
6.97574
7.05828
7.14208
7.22736
7.31355
7.39982
7.48753
7.57637
7.66679
7.75751
7.84919
7.94245
8.03728
8.13301
8.23045
8.32855
8.42834
8.52929
8.63271
8.73822
8.8453
8.9543
9.06516
9.17706
9.29265
9.41132
9.53218
9.65622
9.7834
9.91434
10.0487
10.188
10.3329
10.4813
10.6354
10.796
10.965
11.1408
11.3286
11.5286
11.7432
11.9734
12.2234
12.5022
12.8186
13.186
13.6361
14.2179
15.14
24.6867
